Version 0.9.7
6
 4 18 229 77 128 0 1
 5 80 400 206 81 2 2
 0 155 156 877 276 8 3
 1 310 32 206 81 140 4
 1 297 484 206 81 150 5
 3 736 23 203 58 160 6
 0
41
 255 5 79 243 79 243 79 170 79 170 208 170 208 170 0 1 0 3
 65793 5 79 342 79 342 79 417 79 417 208 417 208 417 0 1 0 3
 255 5 234 170 234 170 234 170 234 404 234 404 234 404 0 3 0 3
 255 5 351 170 351 170 351 170 351 222 351 222 351 222 0 3 0 3
 255 5 286 404 286 404 286 495 286 495 312 495 312 495 0 3 0 5
 255 5 299 170 299 170 299 43 299 43 325 43 325 43 0 3 0 4
 65793 5 312 553 312 553 260 553 260 553 260 417 260 417 0 5 0 3
 65793 5 325 101 325 101 325 101 325 183 325 183 325 183 0 4 0 3
 65793 5 247 183 247 183 247 183 247 417 247 417 247 417 0 3 0 3
 65793 5 637 183 637 183 637 60 637 60 747 60 747 60 0 3 0 6
 65793 5 494 365 494 365 494 365 494 417 494 417 494 417 0 3 0 3
 33023 5 366 69 336 69 336 213 416 213 416 222 416 222 0 4 0 3
 33023 5 385 69 385 69 393 69 393 222 390 222 390 222 0 4 0 3
 33023 5 404 69 414 69 414 176 364 176 364 222 364 222 0 4 0 3
 65280 5 442 69 442 69 434 69 434 261 429 261 429 261 0 4 0 3
 65280 5 461 69 461 69 447 69 447 261 403 261 403 261 0 4 0 3
 65280 5 480 69 489 69 489 250 377 250 377 261 377 261 0 4 0 3
 65280 5 325 274 325 274 325 274 325 313 325 313 325 313 0 3 0 3
 65280 5 364 339 364 339 364 339 325 339 325 339 325 339 0 3 0 3
 65535 5 423 69 423 75 359 75 359 261 325 261 325 261 0 4 0 3
 8453888 5 499 69 511 69 511 140 312 140 312 235 312 235 0 4 0 3
 8453888 5 312 248 312 248 312 248 312 313 312 313 312 313 0 3 0 3
 8453888 5 312 326 312 326 312 326 351 326 351 326 351 326 0 3 0 3
 16744448 5 391 495 391 495 375 495 375 365 377 365 377 365 0 5 0 3
 16744448 5 410 495 410 495 410 476 390 476 390 365 390 365 0 5 0 3
 16744448 5 429 495 429 495 429 462 403 462 403 365 403 365 0 5 0 3
 16744448 5 416 365 416 365 416 453 448 453 448 495 448 495 0 3 0 5
 16711680 5 467 495 467 441 431 441 431 365 429 365 429 365 0 5 0 3
 16711680 5 442 365 442 365 442 428 486 428 486 495 486 495 0 3 0 5
 8388863 5 455 352 455 352 455 352 741 352 741 352 741 352 0 3 0 3
 8388863 5 468 339 468 339 468 339 728 339 728 339 728 339 0 3 0 3
 8388863 5 481 326 481 326 481 326 715 326 715 326 715 326 0 3 0 3
 8388863 5 494 261 494 261 494 264 689 264 689 261 689 261 0 3 0 3
 8388863 5 455 261 455 261 455 148 782 148 782 67 782 67 0 3 0 6
 8388863 5 802 67 802 67 802 163 689 163 689 222 689 222 0 6 0 3
 8388863 5 822 67 822 67 822 176 715 176 715 222 715 222 0 6 0 3
 8388863 5 842 67 842 67 842 189 728 189 728 222 728 222 0 6 0 3
 8388863 5 862 67 862 67 862 203 741 203 741 222 741 222 0 6 0 3
 8388863 5 715 313 715 313 715 313 715 274 715 274 715 274 0 3 0 3
 8388863 5 728 274 728 274 728 274 728 313 728 313 728 313 0 3 0 3
 8388863 5 741 274 741 274 741 274 741 313 741 313 741 313 0 3 0 3
1
 7181 1 24 345 274 5 0 0 8583448 3
