Version 0.9.7
5
 4 10 175 77 128 0 1
 5 80 400 206 81 2 2
 0 110 110 877 276 8 3
 1 128 18 206 81 140 4
 3 119 415 203 58 160 6
 0
22
 255 5 71 189 71 189 71 29 71 29 143 29 143 29 0 1 0 4
 255 5 71 202 71 202 102 202 102 137 163 137 163 137 0 1 0 3
 65793 5 71 249 71 249 91 249 91 87 143 87 143 87 0 1 0 4
 65793 5 71 275 71 275 107 275 107 358 163 358 163 358 0 1 0 3
 65793 5 71 288 71 288 71 452 71 452 130 452 130 452 0 1 0 6
 255 5 254 137 254 137 261 137 261 176 254 176 254 176 0 3 0 3
 255 5 280 280 280 280 280 280 280 371 280 371 280 371 0 3 0 3
 0 5 267 319 267 319 267 319 267 358 267 358 267 358 0 3 0 3
 0 5 293 319 293 319 293 319 293 358 293 358 293 358 0 3 0 3
 0 5 345 319 345 319 345 319 345 358 345 358 345 358 0 3 0 3
 33023 5 305 459 305 459 305 462 332 462 332 319 332 319 0 6 0 3
 33023 5 285 459 285 479 323 479 323 319 319 319 319 319 0 6 0 3
 33023 5 265 459 265 500 296 500 296 319 306 319 306 319 0 6 0 3
 16777088 5 184 55 184 55 164 55 164 184 267 184 267 176 0 4 0 3
 16777088 5 203 55 193 55 193 198 293 198 293 176 293 176 0 4 0 3
 16777088 5 222 55 222 55 230 55 230 156 306 156 306 176 0 4 0 3
 16777088 5 241 55 241 55 250 55 250 215 332 215 332 215 0 4 0 3
 255 5 475 371 475 371 475 371 475 137 475 137 475 137 0 3 0 3
 4259584 5 260 55 260 55 266 55 266 280 254 280 254 280 0 4 0 3
 4259584 5 279 55 279 55 289 55 289 176 280 176 280 176 0 4 0 3
 4259584 5 298 55 298 55 327 55 327 176 319 176 319 176 0 4 0 3
 4259584 5 317 42 317 42 345 42 345 42 345 176 345 176 0 4 0 3
1
 7085 1 16 248 228 5 0 0 8583448 3
