Version 0.9.7
5
 4 10 175 77 128 0 1
 5 80 400 206 81 2 2
 0 125 111 877 276 8 3
 1 124 465 206 81 140 4
 3 478 468 203 58 150 6
 0
22
 255 5 71 215 71 215 217 215 217 215 217 359 217 359 0 1 0 3
 255 5 139 476 139 476 125 476 125 359 204 359 204 359 0 4 0 3
 8421440 5 503 281 503 281 494 281 494 359 503 359 503 359 0 3 0 3
 0 5 71 288 71 288 71 372 71 372 178 372 178 372 0 1 0 3
 0 5 139 534 153 534 153 428 191 428 191 372 191 372 0 4 0 3
 0 5 489 505 489 505 451 505 451 505 451 372 451 372 0 6 0 3
 0 5 71 249 71 249 191 249 191 249 191 138 191 138 0 1 0 3
 0 5 490 216 490 216 490 216 490 138 490 138 490 138 0 3 0 3
 0 5 503 216 503 216 503 216 503 138 503 138 503 138 0 3 0 3
 12615680 5 180 476 180 476 180 260 451 260 451 281 451 281 0 4 0 3
 12615680 5 199 476 199 476 199 328 477 328 477 281 477 281 0 4 0 3
 12615680 5 542 281 542 281 542 301 218 301 218 476 218 476 0 3 0 4
 12615680 5 529 216 529 216 529 155 237 155 237 476 237 476 0 3 0 4
 65535 5 451 216 451 216 451 176 256 176 256 476 256 476 0 3 0 4
 65535 5 490 281 490 281 490 281 275 281 275 476 275 476 0 3 0 4
 65535 5 529 281 569 281 569 423 294 423 294 476 294 476 0 3 0 4
 65535 5 516 216 520 216 520 401 313 401 313 476 313 476 0 3 0 4
 4259584 5 477 216 476 216 476 586 524 586 524 512 524 512 0 3 0 6
 4259584 5 464 216 442 216 442 546 544 546 544 512 544 512 0 3 0 6
 4259584 5 464 307 464 307 464 289 556 289 556 512 564 512 0 3 0 6
 4259584 5 542 216 542 216 595 216 595 512 604 512 604 512 0 3 0 6
 4259584 5 516 320 516 320 584 320 584 320 584 512 584 512 0 3 0 6
1
 7083 1 16 445 229 5 0 0 8583448 3
